000009
000021
000027
000032
000034
000039
000050
000060
000062
000088
000155
000400
000415
000423
000429
000513
000519
000528
000537
000539
000559
000582
000591
000598
000623
000629
000661
000683
000703
000709
000723
000728
000729
000733
000737
000738
000739
000750
000783
000785
000786
000800
000825
000830
000831
000878
000883
000887
000893
000898
000921
000932
000937
000951
000959
000960
000967
000983
000987
000997
001203
001221
001286
001309
001386
001389
001696
002007
002008
002025
002032
002044
002056
002064
002065
002078
002085
002120
002126
002130
002131
002138
002152
002153
002155
002157
002185
002195
002203
002223
002244
002252
002261
002262
002265
002266
002271
002273
002281
002299
002312
002318
002335
002340
002402
002407
002409
002410
002414
002423
002429
002430
002432
002436
002444
002461
002465
002472
002487
002500
002508
002517
002568
002583
002601
002603
002608
002624
002670
002673
002683
002738
002739
002756
002773
002797
002812
002821
002831
002841
002850
002851
002926
002939
002945
002966
002984
003021
003022
003031
003035
300001
300002
300003
300012
300017
300024
300037
300054
300058
300073
300100
300115
300136
300140
300142
300144
300146
300207
300223
300285
300339
300346
300373
300383
300390
300395
300432
300454
300458
300474
300475
300487
300496
300548
300558
300567
300570
300604
300620
300623
300627
300666
300676
300677
300679
300699
300718
300724
300735
300748
300751
300757
300759
300763
300857
300888
300919
300953
300957
300972
301200
301301
301358
301377
301498
301526
301536
301606
301611
600004
600008
600021
600032
600038
600060
600062
600095
600098
600100
600105
600109
600126
600131
600132
600141
600143
600153
600157
600161
600166
600170
600171
600177
600208
600256
600282
600292
600295
600298
600299
600312
600316
600329
600332
600339
600348
600350
600352
600363
600369
600377
600378
600380
600390
600392
600398
600435
600483
600486
600497
600498
600499
600511
600516
600517
600521
600535
600536
600546
600562
600563
600566
600578
600582
600583
600595
600598
600601
600602
600606
600637
600642
600655
600663
600685
600688
600699
600704
600707
600711
600737
600754
600763
600764
600765
600801
600808
600816
600820
600848
600862
600863
600871
600873
600879
600884
600885
600901
600906
600909
600927
600967
600968
600970
600977
600985
600988
600995
600998
601000
601001
601016
601019
601098
601099
601106
601108
601112
601118
601128
601139
601155
601156
601162
601179
601198
601212
601216
601228
601233
601236
601298
601399
601555
601567
601577
601598
601608
601611
601615
601665
601666
601696
601699
601717
601799
601808
601865
601866
601869
601880
601928
601958
601966
601990
601991
601997
603000
603049
603077
603087
603092
603119
603129
603156
603160
603175
603179
603225
603233
603256
603290
603298
603308
603338
603341
603345
603379
603444
603486
603529
603565
603568
603589
603596
603605
603606
603650
603658
603659
603688
603699
603728
603737
603766
603786
603806
603816
603833
603858
603885
603899
603920
603939
603979
605358
605589
688002
688017
688018
688019
688027
688037
688052
688065
688099
688114
688120
688122
688166
688169
688172
688180
688187
688188
688192
688200
688213
688220
688234
688235
688248
688266
688278
688281
688295
688297
688301
688313
688318
688322
688331
688336
688343
688347
688349
688361
688363
688375
688385
688387
688411
688425
688469
688475
688498
688520
688538
688561
688563
688568
688578
688582
688599
688608
688615
688617
688629
688676
688692
688702
688708
688709
688728
688772
688777
688778
688819
689009